/Ecto/MC
19721
19976
/Daily Craft Results
24277
46738
46743
80714
80791
46736
80723
46739
80775
79763
46741
/Verarbeitetes Material
/Metal
19681
19688
19687
19682
19686
19684
19683
19685
/Stoff
19747
19740
19742
19744
19746
/Leather
19737
19733
19734
19736
19735
/Wood
19713
19714
19711
19712
19709
/T6
24358
24351
24277
24357
24289
24300
24283
24295
/Raw Material
/Metal
19703
19698
19702
19700
19699
19701
/Stoff
19748
19739
19741
19743
19745
/Leather
19732
19728
19730
19731
19729
/Wood
19726
19727
19724
19725
19722
/T5
24341
24350
24276
24356
24288
24299
24282
24294
/Lodestones
24309
24310
24330
24329
24305
24304
/Lanterns
92658
90006
86929
80065
77769
68619
92632
90004
86926
80076
77685
68620
/Sonst
/Lucky Firework
77699
/Unnamed
